6.683360000000000000e+05
6.683360000000000000e+05
6.683360000000000000e+05
6.775260000000000000e+05
6.685970000000000000e+05
6.775260000000000000e+05
6.670630000000000000e+05
6.670630000000000000e+05
6.775260000000000000e+05
6.692820000000000000e+05
6.700960000000000000e+05
6.685840000000000000e+05
6.775260000000000000e+05
6.700780000000000000e+05
6.700610000000000000e+05
6.707060000000000000e+05
6.707040000000000000e+05
6.707040000000000000e+05
6.707040000000000000e+05
6.748570000000000000e+05
6.775260000000000000e+05
6.731250000000000000e+05
6.775260000000000000e+05
6.701520000000000000e+05
6.701520000000000000e+05
6.701520000000000000e+05
6.701510000000000000e+05
6.701510000000000000e+05
6.685820000000000000e+05
6.685820000000000000e+05
6.698270000000000000e+05
6.700340000000000000e+05
6.700340000000000000e+05
6.727160000000000000e+05
6.727150000000000000e+05
6.727140000000000000e+05
6.775260000000000000e+05
6.739510000000000000e+05
6.717920000000000000e+05
6.717920000000000000e+05
6.717920000000000000e+05
6.717920000000000000e+05
6.717920000000000000e+05
6.767890000000000000e+05
6.758440000000000000e+05
6.775260000000000000e+05
6.774020000000000000e+05
6.712790000000000000e+05
6.712790000000000000e+05
6.712790000000000000e+05
6.712790000000000000e+05
6.712790000000000000e+05
6.712780000000000000e+05
6.712780000000000000e+05
6.712780000000000000e+05
6.712790000000000000e+05
6.712790000000000000e+05
6.749610000000000000e+05
6.775260000000000000e+05
6.775260000000000000e+05
6.775260000000000000e+05
6.739120000000000000e+05
6.775260000000000000e+05
6.775260000000000000e+05
6.786570000000000000e+05
6.786590000000000000e+05
6.786540000000000000e+05
6.786590000000000000e+05
6.786590000000000000e+05
6.786590000000000000e+05
6.786590000000000000e+05
6.786590000000000000e+05
6.786590000000000000e+05
6.786590000000000000e+05
6.786590000000000000e+05
6.776240000000000000e+05
6.776240000000000000e+05
6.776240000000000000e+05
6.776240000000000000e+05
6.776240000000000000e+05
6.776240000000000000e+05
6.776240000000000000e+05
6.776240000000000000e+05
6.776240000000000000e+05
6.776240000000000000e+05
6.786590000000000000e+05
6.786590000000000000e+05
6.786590000000000000e+05
6.786590000000000000e+05
6.786590000000000000e+05
6.786590000000000000e+05
6.786590000000000000e+05
6.786590000000000000e+05
6.786590000000000000e+05
6.786590000000000000e+05
6.786590000000000000e+05
6.786590000000000000e+05
6.786590000000000000e+05
6.786590000000000000e+05
6.786590000000000000e+05
